80.67 8628.12 696030
0 5246.21 32.02 25.61
0 44 20.81 35.37
25.88 0 10 11.4
25.88 11.4 40.53 68.91
0 2529.75 65.35 52.28
0 80.31 27.04 21.63
0 101.94 69.5 55.6
0 157.54 60.93 48.74
0 206.28 58.63 46.9
0 2195.09 35.14 28.11
0 263.76 65.38 52.31
0 4193.29 68.41 54.73
0 366.35 34.37 27.5
0 393.85 37.95 30.36
0 3031.6 33.17 26.53
0 516.59 28.26 22.61
0 539.2 39.83 31.86
0 571.06 57.72 46.17
0 617.23 75.42 60.33
0 3483.4 79.89 63.91
0 728.01 27.11 21.69
0 851.95 65.61 52.49
0 777.76 75.42 60.33
0 838.09 17.32 13.86
0 749.7 35.07 28.06
0 904.44 80.67 78.33
0 982.77 31.74 25.39
0 6646.52 78.5 62.8
0 2602.47 80.67 88.48
0 1121.4 47.01 37.61
0 1159.01 16.01 12.81
0 1171.82 72.01 57.61
0 1229.43 13.96 11.17
0 1240.6 75.75 60.6
0 1301.2 58.25 46.6
0 1347.8 50.3 40.24
0 1388.04 73.99 59.19
0 1447.23 52.14 41.71
0 1488.94 70.06 56.05
0 424.21 80.67 92.38
0 1569.48 16.43 13.15
0 1582.63 52.57 42.06
0 1624.69 76.53 61.23
0 1685.92 28 22.4
0 1708.32 24.75 19.8
0 1728.12 36.61 29.28
0 1978.74 21.74 17.39
0 1813.3 79.84 63.87
0 4360.8 62.87 50.3
0 3612.23 29.66 23.73
0 6175.67 22.86 18.29
0 1757.4 69.87 55.9
0 1996.13 80.67 79.73
0 2075.86 12.55 10.04
0 2085.9 77.33 61.86
0 2147.76 59.16 47.33
0 4734.41 36.59 29.27
0 2223.2 42.43 33.94
0 2257.14 51.91 41.53
0 2298.67 46.72 37.37
0 2336.04 80.67 104.72
0 2440.76 39.69 31.75
0 2472.51 71.55 57.24
40.53 0 40.14 50.17
0 4306.83 53.1 42.48
0 1053.38 80.67 68.02
0 2690.95 51.34 41.08
0 2732.03 71.48 57.19
0 2789.22 72.8 58.24
0 3983.75 15 12
0 4534.18 79.37 63.5
0 2976 57.66 46.13
0 3022.13 11.83 9.47
0 1544.99 30.62 24.49
0 3058.13 79.61 63.69
0 3121.82 23.85 19.08
0 3140.9 58.57 46.85
0 4433.23 80.67 87.36
0 3221.69 30.19 24.15
0 3245.84 76.89 61.51
0 3307.35 34.33 27.47
0 3334.82 14.49 11.59
0 3346.41 41.23 32.98
0 3379.39 23.98 19.18
0 3398.57 22.75 18.2
0 3416.77 72.11 57.69
0 3474.46 11.18 8.94
0 677.56 63.07 50.45
0 3547.31 14.92 11.93
0 3559.24 66.24 52.99
0 1899.57 25.79 20.63
0 3635.96 74.18 59.34
0 3695.3 75.63 60.5
0 3755.8 66.66 53.33
0 2904.93 80.67 71.07
0 3851.2 80.67 70.66
0 3921.86 77.36 61.89
0 5647.04 80.67 85.91
0 3995.75 61.16 48.92
0 4044.67 33.91 27.13
0 4071.8 80.67 121.49
0 316.07 62.85 50.28
0 4248.02 73.52 58.81
0 2582.03 25.54 20.44
0 4349.31 14.36 11.49
0 1877.17 28 22.4
0 4411.1 27.66 22.13
0 0 25.88 44
0 4520.59 16.99 13.59
0 5855.86 70.43 56.34
0 4597.68 56.12 44.9
0 4642.58 61.97 49.57
0 4692.15 52.82 42.26
0 7849.79 67.75 54.2
0 4763.68 70.71 56.57
0 4820.25 42.07 33.66
0 4853.91 63.99 51.19
0 5305 78.22 62.58
0 4920.28 75.42 60.33
0 4980.61 48.57 38.85
0 5019.46 55.18 44.15
0 5063.61 28.28 22.63
0 5086.24 55.06 44.05
0 5130.29 80.22 64.17
0 5194.46 64.69 51.75
0 3187.75 42.43 33.94
0 5271.82 41.47 33.18
0 4905.1 18.97 15.18
0 5367.58 16.88 13.51
0 5381.09 80.67 75.86
0 5456.95 80.67 70.21
0 5527.16 80.5 64.4
0 5591.56 69.35 55.48
0 2847.46 71.83 57.47
0 5732.95 44.69 35.75
0 6496.74 69.91 55.93
0 5807.58 60.35 48.28
0 3809.13 52.58 42.07
0 5912.2 80.67 68.65
0 5980.85 32.25 25.8
0 6006.65 80.67 65.75
0 6072.4 39.65 31.72
0 6104.12 80.67 71.55
0 1920.2 73.18 58.54
0 6193.96 80.67 69.48
0 6263.44 80.67 67.5
0 6330.94 39.91 31.92
0 6362.86 80.67 68.02
0 6430.88 28.24 22.59
0 6453.47 54.08 43.27
0 5768.7 48.61 38.88
0 6552.67 20.12 16.1
0 6568.77 39.53 31.62
0 6600.39 40.23 32.19
0 6632.58 17.43 13.94
0 1008.16 56.52 45.22
0 6709.32 80.67 109.33
0 6818.65 80.67 80.3
0 6898.95 66.46 53.17
0 6952.12 65.81 52.65
0 7926.72 39.4 31.52
0 7053.68 21.07 16.85
0 7070.53 63.64 50.91
0 7121.44 51.74 41.4
0 7162.84 19.69 15.75
0 7178.59 34.39 27.51
0 7206.1 30 24
0 7230.1 31.64 25.31
0 7255.41 51.43 41.14
0 7296.55 80.67 66.56
0 7363.11 15.49 12.39
0 7375.5 33.73 26.98
0 7402.48 49.75 39.8
0 7442.28 80.67 108.29
0 7550.57 33.07 26.46
0 7577.03 60.37 48.3
0 7625.33 21.33 17.06
0 7642.39 80.67 81.02
0 7723.41 68.88 55.11
0 7778.52 22.36 17.89
0 7796.41 53.17 42.54
0 7838.95 13.56 10.84
0 253.18 13.23 10.58
0 7903.99 28.42 22.73
0 8255.18 15 12
0 7958.24 48 38.4
0 7996.64 16.2 12.96
0 8009.6 79.84 63.87
0 8073.47 77.29 61.83
0 8135.3 77.41 61.93
0 8197.23 53.17 42.54
0 8239.77 19.27 15.41
0 7004.77 61.14 48.91
0 8267.18 49.86 39.89
0 8307.07 61.26 49.01
0 8356.08 43.66 34.93
0 8391.01 49.22 39.38
0 8430.39 80.67 75.86
0 8506.25 67.62 54.1
0 8560.35 80.67 67.77
107 1 H 2 3 H V 63 V 5 H 6 H 7 H 8 H 182 H 10 H 101 H 12 H 13 H 39 H 15 H 16 H 17 H 18 H 87 H 20 H 24 H 22 H 23 H 21 H 25 H 26 H 155 H 65 H 29 H 30 H 31 H 32 H 33 H 34 H 35 H 36 H 37 H 38 H 73 H 40 H 41 H 42 H 43 H 44 H 45 H 51 H 47 H 105 H 90 H 143 H 46 H 52 H 53 H 54 H 55 H 9 H 57 H 58 H 59 H 60 H 61 H 62 H 4 H 103 H 28 H 66 H 67 H 68 H 133 H 94 H 71 H 72 H 14 H 74 H 75 H 76 H 125 H 78 H 79 H 80 H 81 H 82 H 83 H 84 H 85 H 86 H 19 H 88 H 89 H 49 H 91 H 92 H 93 H 137 H 95 H 96 H 69 H 98 H 99 H 100 H 11 H 102 H 64 H 104 H 48 H 106 H 77 H 108 H 70 H 110 H 111 H 112 H 56 H 114 H 115 H 116 H 127 H 118 H 119 H 120 H 121 H 122 H 123 H 124 H 0 H 126 H 117 H 128 H 129 H 130 H 131 H 132 H 97 H 134 H 150 H 136 H 109 H 138 H 139 H 140 H 141 H 142 H 50 H 144 H 145 H 146 H 147 H 148 H 149 H 135 H 151 H 152 H 153 H 154 H 27 H 156 H 157 H 158 H 159 H 192 H 161 H 162 H 163 H 164 H 165 H 166 H 167 H 168 H 169 H 170 H 171 H 172 H 173 H 174 H 175 H 176 H 177 H 178 H 179 H 180 H 181 H 113 H 183 H 184 H 185 H 186 H 187 H 188 H 189 H 190 H 191 H 160 H 193 H 194 H 195 H 196 H 197 H 198 H 199 H
